correct:1
set1_score:0.8285841495992876
set2_score:0.6213294748489232
