correct:1
set1_score:0.826923076923077
set2_score:0.6195884211425156
