correct:1
set1_score:0.8284444444444445
set2_score:0.6142732811140122
